x <- c( 0, 0.136562, 0.267877, 0.388898, 0.494974, 0.582028, 0.646715, 0.68655, 0.7, 0.68655, 0.646716, 0.582029, 0.494975, 0.3889, 0.267879, 0.136564, 0, -0.136563, -0.267878, -0.388899, -0.494975, -0.582029, -0.646716, -0.68655, -0.7, -0.68655, -0.646716, -0.582029, -0.494975, -0.388899, -0.267878, -0.136563, -0.267878, -0.388899, -0.433869, -0.298854, 0.646716, 0.582029, -0.68655, -0.7, 0.68655, -0.646716, 0.7, -0.582029, 0.68655, -0.494975, 0.646715, -0.388899, 0.582028, -0.267878, -0.136563, 0, 0.494974, -0.136563, 0.388898, 0, 0.267877, 0.136564, -0.494975, 0.136562, 0.267879, -0.582029, 0.3889, -0.646716, 0.494975, -0.68655, -0.64933, -0.721497, -0.807509, -0.726739, 0.298853, 0.433868, 0.152355, 0, -0.55221, 0.152353, 0.298854, 0, 0.433869, 0.55221, -0.765937, 0.64933, -0.780943, 0.721497, -0.765937, 0.765937, -0.721497, 0.780943, -0.64933, 0.765937, -0.55221, 0.721497, -0.433868, 0.64933, -0.298854, -0.152354, 0.552209, -0.152354, -0.874042, -0.857247, -0.857247, -0.874042, 0.618041, 0.485592, -0.857247, 0.726739, 0.807509, 0.857247, -0.807509, 0.874042, -0.726739, 0.857247, -0.618041, 0.807509, -0.485591, 0.726738, -0.334481, -0.170517, 0, 0.61804, -0.170517, -0.334481, 0.485591, 0, -0.485592, 0.33448, 0.170517, -0.618041, 0.170516, 0.334482, -0.726739, -0.618041, -0.665163, -0.782149, 0.857247, 0.807509, -0.807509, 0.874042, 0.857247, 0.807509, -0.485591, 0.726738, -0.334481, -0.170517, 0, 0.61804, -0.170517, -0.334481, 0.485591, 0, -0.485592, 0.33448, 0.170517, -0.618041, 0.170516, 0.334482, -0.726739, 0.485592, -0.807509, 0.618041, -0.857247, 0.726739, -0.359984, -0.183518, -0.193308, -0.379187, 0.869077, 0.922608, -0.522615, 0.782149, -0.183518, 0, 0.665162, -0.359984, 0.522614, 0, -0.522615, 0.359983, 0.183519, -0.665163, 0.183517, 0.359984, -0.782149, 0.522616, -0.869078, 0.665164, -0.922608, 0.78215, -0.940683, 0.869078, -0.922608, 0.922608, -0.869078, 0.940683, 0.193308, 0.379188, 0.390762, 0.199209, -0.379187, -0.193308, 0.550493, 0.700645, 0, -0.550494, 0.379186, -0.700646, 0.193306, -0.823873, 0, 0.550495, -0.915438, 0.700647, -0.971824, 0.823873, -0.990863, 0.915439, -0.971824, 0.971825, -0.915438, 0.990864, -0.823873, 0.971824, -0.700646, 0.915438, -0.550494, 0.823872, 0.722034, 0.849022, 0.861131, 0.732332, -0.849022, -0.722033, 0, 0.199207, 0.567299, -0.943382, -1.001489, -1.021109, 0.943383, -1.001489, 1.00149, -0.943382, 1.02111, -0.849022, 1.001489, -0.722033, 0.943382, -0.567298, 0.849021, -0.390762, -0.199209, 0.722033, -0.199208, -0.390762, 0.567297, 0, -0.567298, 0.39076, 1.015773, 1.035673, 1.04165, 1.021635, -1.035673, -1.015773, 0.956838, -1.015773, -0.956837, -0.861131, 1.015773, -0.732332, 0.956837, -0.575389, 0.86113, -0.396335, -0.20205, 0, 0.732331, -0.20205, -0.396335, 0.575388, 0, -0.575389, 0.396334, 0.20205, -0.732332, 0.202048, 0.396336, -0.861131, 0.57539, -0.956837, 0.962358, 0.866099, 0.866099, 0.962358, -0.8661, -0.962359, 1.021635, -0.736558, -0.578709, -0.398622, -0.203216, 0, 0.736557, -0.203216, -0.398622, 0.578708, 0, -0.57871, 0.398621, 0.203216, -0.736558, 0.203214, 0.398623, -0.8661, 0.57871, -0.962359, 0.736558, -1.021635, 0.866101, -1.04165, 0.962359, -1.021635, 0.578708, 0.398621, 0.398621, 0.578708, -0.398622, -0.578709, -0.203216, 0, 0.736557, -0.203216, -0.398622, 0, -0.57871, 0.203216, -0.736558, 0.203214, 0.398623, -0.8661, 0.57871, -0.962359, 0.736558, -1.021635, 0.866101, -1.04165, 0.962359, -1.021635, 1.021635, -0.962359, 1.04165, -0.8661, 1.021635, -0.736558, 0.57871, 0.736558, 0.724914, 0.569562, 0.203216, 0, -0.736558, -0.57871, 0.203214, 0.398623, -0.8661, 0, -0.962359, -1.021635, 0.866101, -1.04165, 0.962359, -1.021635, 1.021635, -0.962359, 1.04165, -0.8661, 1.021635, -0.736558, 0.962358, -0.578709, 0.866099, -0.398622, -0.203216, 0.736557, -0.203216, -0.398622, 0.947146, 1.005484, 0.904936, 0.852431, -1.005484, -0.947145, 0.852409, -1.025182, -1.005484, -0.947145, 1.025183, -0.852408, 1.005484, -0.724914, 0.947145, -0.569561, 0.852408, -0.39232, -0.200003, 0, 0.724913, -0.200003, -0.39232, 0.56956, 0, -0.569561, 0.392319, 0.200004, -0.724914, 0.200002, 0.392321, -0.852408, 0.904935, 0.85243, 0.767187, 0.814442, -0.852431, -0.904935, 0.922664, -0.767167, -0.652422, -0.512605, 0.767167, -0.353088, -0.180003, 0, 0.652421, -0.180003, -0.353088, 0.512604, 0, -0.512605, 0.353087, 0.180003, -0.652422, 0.180002, 0.353089, -0.767167, 0.512605, -0.852431, 0.652423, -0.904935, 0.767168, -0.922664, -0.162003, -0.317779, -0.286002, -0.145802, -0.461344, -0.58718, 0.69045, -0.317779, 0, 0.587179, -0.162002, 0.461343, 0, -0.461344, 0.317778, 0.162003, -0.58718, 0.162001, 0.31778, -0.690451, 0.461345, -0.767188, 0.58718, -0.814442, 0.690451, -0.830398, 0.767188, -0.814442, 0.814442, -0.767188, 0.830398, -0.690451, -0.528462, -0.621406, -0.559265, -0.475616, 0.415209, 0.528461, 0, -0.145802, -0.41521, 0.286001, 0.145803, 0.145801, 0.286002, 0, 0.41521, -0.690469, 0.528462, -0.732998, 0.621406, -0.747358, 0.690469, -0.732998, 0.732998, -0.690469, 0.747358, -0.621406, 0.732998, -0.528462, 0.690468, -0.41521, 0.621405, -0.286001, -0.659698, -0.672622, -0.739884, -0.725668, 0, 0.131221, 0.373689, 0.257402, -0.621422, 0.475616, 0.559265, 0.621422, -0.659698, 0.659698, -0.621422, 0.672622, -0.559265, 0.659698, -0.475616, 0.621422, -0.373689, 0.559264, -0.257401, -0.131222, 0.475615, -0.131222, -0.257401, 0.373688, 0, -0.373689, 0.257401, 0.131222, -0.683564, -0.615191, -0.676711, -0.75192, 0.683564, 0.615192, -0.725668, 0.725668, 0.739885, 0.725668, -0.523177, 0.683564, -0.411058, 0.615191, -0.283141, -0.144344, 0, 0.523177, -0.144344, -0.283141, 0.411057, 0, -0.411058, 0.283141, 0.144345, -0.523177, 0.144343, 0.283142, -0.615191, 0.411058, -0.683564, 0.523178, -0.452163, -0.311456, -0.342601, -0.49738, 0.798235, 0.813873, -0.575495, 0.75192, 0.67671, -0.158779, 0, 0.575494, -0.158779, -0.311456, 0.452163, 0, -0.452164, 0.311455, 0.158779, -0.575495, 0.158778, 0.311456, -0.676711, 0.452164, -0.75192, 0.575495, -0.798235, 0.676711, -0.813873, 0.751921, -0.798235, 0.798235, 0, 0.174657, 0.192123, 0, -0.174657, 0, 0.633044, 0.744381, -0.174656, -0.342601, 0.497379, -0.49738, 0.3426, -0.633045, 0.174655, 0.342602, -0.744382, 0.49738, -0.827113, 0.633045, -0.878058, 0.744382, -0.89526, 0.827113, -0.878058, 0.878058, -0.827113, 0.89526, -0.744382, 0.878058, -0.633045, 0.827112, -0.696349, -0.547118, 0.192121, 0.37686, 0.376862, -0.81882, 0, 0.547119, -0.909824, 0.69635, -0.965864, 0.81882, -0.984786, 0.909824, -0.965864, 0.965864, -0.909824, 0.984786, -0.81882, 0.965864, -0.696349, 0.909824, -0.547118, 0.818819, -0.376861, -0.192122, 0.696348, -0.192122, -0.376861, 0.547117 )
